2557 2576 2512 2485 2523 128 233 243 288 781 1871 2820 8095 10602 25010
2561 2546 2470 2492 2456 132 252 283 289 808 1757 2776 8059 10696 25004
2479 2474 2551 2432 2524 136 241 239 274 786 1843 2830 8095 10472 25036
2403 2404 2467 2591 2497 117 273 235 260 838 1760 2813 8063 10549 24950
568 552 598 666 616 21 81 46 60 228 416 708 2027 2582 6209
623 683 632 622 637 36 59 57 68 190 495 697 1998 2661 6179
641 663 588 624 608 29 76 69 70 199 415 669 1986 2671 6143
586 595 653 613 650 43 58 56 65 209 470 715 2023 2574 6313
177 149 157 145 159 9 11 18 12 52 115 175 474 628 1566
44 43 40 48 38 3 1 3 7 18 25 47 121 176 405
49 50 35 49 37 0 1 5 3 16 29 39 133 153 404
8 7 15 11 10 2 1 1 1 3 6 14 37 42 85
11 14 19 10 4 0 1 0 1 5 8 13 43 33 95
5 2 2 5 2 0 0 0 0 3 0 4 9 12 36
0 0 0 0 0 0 0 0 0 0 0 0 0 0 0
0 0 0 0 0 0 0 0 0 0 0 0 0 0 0
0 0 0 0 0 0 0 0 0 0 0 0 0 0 0
0 0 0 0 0 0 0 0 0 0 0 0 0 0 0
0 0 0 0 0 0 0 0 0 0 0 0 0 0 0
