6 4 6 18 29 128 233 243 288 781 1871 2820 8095 10602 25010
11 8 6 13 41 132 252 283 289 808 1757 2776 8059 10696 25004
4 3 3 9 29 136 241 239 274 786 1843 2830 8095 10472 25036
3 4 4 17 30 117 273 235 260 838 1760 2813 8063 10549 24950
0 0 0 6 7 21 81 46 60 228 416 708 2027 2582 6209
0 0 0 5 6 36 59 57 68 190 495 697 1998 2661 6179
3 2 1 4 14 29 76 69 70 199 415 669 1986 2671 6143
0 0 0 1 5 43 58 56 65 209 470 715 2023 2574 6313
3 2 1 2 2 9 11 18 12 52 115 175 474 628 1566
1 2 0 1 0 3 1 3 7 18 25 47 121 176 405
0 0 1 0 0 0 1 5 3 16 29 39 133 153 404
0 0 0 0 1 2 1 1 1 3 6 14 37 42 85
0 0 0 0 0 0 1 0 1 5 8 13 43 33 95
0 0 0 0 0 0 0 0 0 3 0 4 9 12 36
0 0 0 0 0 0 0 0 0 0 0 0 0 0 0
1 0 0 0 0 0 0 0 0 0 0 0 0 0 0
0 0 0 0 0 0 0 0 0 0 0 0 0 0 0
0 0 0 0 1 0 0 0 0 0 0 0 0 0 0
0 0 0 0 1 0 0 0 0 0 0 0 0 0 0
